vector5a<-c(56,23,24,5)
vector5b<-c(23,15,14,16,17,89,54,74,26,12)

result<-vector5a+vector5b
result