num_vec<-c(12,25,10,1,9,63,8,99,89)
num_vec

ext_vec<-num_vec[num_vec>10]
ext_vec
