v25_1<-c(3,1,2,3,1,2,3,1,2)
v25_1
v25_2<-c(2,2)
b<-(v25_1*0)+v25_2
b
