temp_f26<-c(32,68,14,0,133,104,198)
temp_f26


temp_c26<-5/9*(temp_f26-32)
temp_c26
